                                                      
                       0888888                        
                   288888888888888                    
                  8888888   08888888                  
                88888           88888                 
               28888             08888                
               8888    8     3    8888                
               8888   8880  8888  8888                
               8888   480    80   8888                
                088               8888                
       888888888                  8888  8888880       
     88888888888888               8888  888888880     
    8888      88888888         85 8888       88880    
   8888          0888888   888885 8888        8888    
   8888        88   8   88888888  88880       8888    
    88880    88888   88888888      88888    088884    
     888888888888   888880   8888   888888888888      
       88888888    88889      8888    88888888        
                   8888       08886                   
                   8888       8888                    
                    88888   888880                    
                     88888888888                      
                        88888                         
                                                      
